30
3 6 2
3 2 4
7 7 3
2 1 1 2 3 1 3
8 8 4
4 3 2 2 4 3 4 2
7 7 3
3 2 3 1 2 2 2
8 8 4
3 4 3 1 2 2 3 1
9 5 5
1 2 1 2 2 2 2 1 1
10 6 7
1 1 1 1 1 1 1 1 1 1
12 7 4
1 1 1 1 1 3 1 1 1 3 1 3
15 8 3
2 4 2 1 2 1 1 1 3 1 4 2 4 2 1
20 9 6
2 1 1 5 2 5 5 2 2 2 2 2 1 2 3 5 3 2 2 4
30 6 2
4 2 5 4 6 1 4 6 5 1 1 6 6 6 6 4 5 3 5 6 3 2 5 2 1 2 3 6 1 5
40 8 2
10 5 8 9 9 6 3 6 9 2 8 3 4 9 1 1 10 2 1 1 2 1 8 7 3 8 3 2 4 5 7 9 7 5 1 8 4 7 6 6
50 4 3
3 3 7 2 2 7 9 3 5 2 3 8 2 1 3 7 9 6 6 3 5 8 6 1 8 9 7 6 4 3 1 3 10 10 4 4 5 9 7 2 10 6 3 1 6 10 4 8 8 4
70 6 9
2 5 3 2 5 1 2 3 6 5 5 1 4 4 5 5 1 4 4 2 3 3 6 5 3 4 1 6 1 5 1 2 3 6 5 6 6 1 3 2 3 5 5 6 3 3 3 5 5 2 3 2 1 5 5 3 5 1 4 2 6 4 5 1 4 6 1 4 5 6
90 8 7
3 7 4 2 7 2 2 2 9 2 4 8 10 3 3 6 4 9 4 5 4 3 1 5 5 2 7 6 2 9 4 2 8 7 2 7 2 8 4 5 8 1 7 8 7 6 3 6 10 4 6 10 10 9 3 3 2 3 2 5 5 2 5 3 3 8 2 1 1 3 9 1 1 9 6 6 1 2 1 4 2 10 7 5 10 7 2 1 6 5
100 11 4
9 6 9 3 2 6 2 8 8 6 9 2 9 9 1 2 2 1 10 2 9 2 3 10 1 6 7 8 8 9 10 7 4 2 9 4 3 1 4 1 6 10 8 1 10 5 9 5 5 6 1 9 7 6 10 3 6 5 10 8 5 1 3 3 5 8 2 5 1 5 3 9 6 9 8 2 4 1 2 1 10 10 1 9 4 9 8 9 10 7 10 8 7 9 6 6 4 1 9 3
100 13 6
22 12 38 46 4 50 24 17 23 31 42 26 45 27 16 40 18 5 46 15 15 26 12 43 50 7 4 17 12 22 18 44 47 14 28 34 35 9 26 24 13 4 50 22 45 11 2 39 1 18 11 34 12 38 39 11 48 16 24 18 48 8 36 18 17 18 28 13 25 28 13 9 27 9 3 23 20 31 34 15 37 33 1 30 43 26 22 27 34 13 43 50 14 13 47 12 38 10 19 33
120 15 8
6 10 2 9 2 6 4 8 3 3 5 8 10 7 1 2 5 1 1 8 6 8 9 2 3 7 10 1 10 2 6 1 5 6 4 3 6 1 10 5 4 9 7 9 10 4 10 8 1 4 7 8 8 3 3 4 3 10 7 1 4 3 4 2 6 4 10 4 4 10 4 6 5 4 10 1 9 2 1 5 1 2 7 3 10 4 8 10 2 3 5 10 5 9 9 4 4 2 4 6 10 5 7 2 4 10 7 6 4 5 7 4 5 4 2 4 8 10 7 1
120 17 10
6 9 1 9 15 4 12 2 14 11 1 17 6 13 5 4 9 2 6 18 19 11 3 19 4 15 3 10 10 16 3 20 1 18 11 8 1 5 6 11 10 1 3 20 18 19 15 8 5 18 16 6 12 15 20 7 17 20 3 12 14 10 13 16 8 6 4 3 11 1 12 7 3 8 19 6 1 19 19 20 3 8 6 15 12 6 18 5 4 2 1 9 8 14 10 3 17 1 20 12 5 18 11 13 13 16 13 16 5 9 14 13 17 9 19 14 1 10 8 9
140 19 10
16 5 4 17 4 8 2 7 9 10 16 10 11 14 14 9 1 4 12 4 3 4 4 7 18 17 16 10 3 17 11 3 13 17 13 8 7 15 16 20 1 2 4 6 17 7 18 8 17 13 13 16 8 14 9 20 10 8 9 7 8 12 10 4 3 18 4 19 7 17 8 20 15 5 7 18 19 15 11 13 11 15 19 4 10 13 19 18 1 17 9 1 5 7 18 11 6 7 4 5 13 4 15 17 1 19 2 16 17 6 12 20 17 10 11 18 3 2 17 16 19 13 16 9 6 18 18 13 14 2 18 2 2 1 1 7 17 12 4 16
150 4 5
2 10 3 2 1 10 5 6 5 5 1 6 2 8 6 4 7 4 7 1 1 3 9 3 3 7 9 10 1 4 10 7 4 5 1 8 3 8 10 6 2 1 10 7 10 6 4 10 3 5 6 5 1 7 2 7 7 2 4 10 8 4 10 1 7 3 10 6 5 6 7 8 2 8 1 8 10 9 6 4 6 3 4 7 4 9 8 10 6 4 8 2 9 3 7 6 7 10 3 3 10 6 5 8 7 8 2 10 2 7 6 5 2 3 1 6 5 5 10 8 3 8 2 9 10 1 10 9 10 1 1 2 2 9 4 2 10 4 7 1 1 5 10 5 3 10 8 3 2 7
200 6 5
18 6 12 8 4 10 6 10 14 13 4 1 18 13 3 4 12 8 1 2 11 11 8 18 5 11 7 2 16 14 13 16 1 4 12 20 13 1 17 7 6 20 19 4 11 20 5 9 3 10 8 16 7 8 19 18 17 20 5 11 4 8 4 16 10 20 11 18 13 9 11 20 13 20 18 10 12 14 12 10 3 3 17 19 1 16 6 17 5 2 18 9 13 4 13 5 20 12 20 5 15 4 20 3 16 2 20 12 6 14 8 13 1 16 16 1 1 13 19 3 9 14 8 14 18 10 6 6 8 3 20 11 8 12 16 5 18 18 15 10 5 13 13 20 5 7 13 12 20 11 4 19 16 19 18 11 8 15 9 9 1 5 13 6 7 5 4 2 16 2 2 16 12 17 11 7 14 14 4 1 18 8 4 10 7 9 20 11 11 18 13 12 16 11 12 18 17 6 10 2
200 8 3
26 4 25 13 4 20 39 40 13 21 17 12 22 2 27 20 5 24 14 8 18 23 38 32 12 28 29 17 2 3 39 4 31 35 8 35 5 26 19 21 21 19 13 4 13 20 9 37 19 21 12 24 26 30 36 17 26 9 5 6 13 32 4 25 23 32 15 32 38 6 12 20 11 16 10 23 38 15 29 25 1 27 30 20 14 24 10 6 10 40 26 40 22 2 11 13 36 33 38 29 7 16 27 11 6 20 9 35 10 10 33 31 38 35 21 4 31 20 26 17 3 3 5 32 23 40 14 8 27 8 30 10 33 24 14 10 23 8 11 17 9 29 21 1 18 3 23 24 12 27 4 8 38 34 23 14 21 2 27 10 31 13 5 6 28 6 39 35 29 3 6 1 26 32 7 13 30 21 13 7 22 4 38 12 2 3 39 18 19 33 36 34 14 15 4 35 31 11 13 13
300 10 7
2 5 16 6 5 16 16 12 18 9 4 19 16 15 1 5 4 4 20 19 2 20 8 18 4 2 12 19 11 19 3 19 7 3 4 2 7 20 8 10 9 18 6 2 7 20 13 19 4 1 12 19 9 15 18 12 2 14 19 15 15 20 7 14 18 11 6 19 8 5 11 6 8 20 4 13 11 8 19 5 13 20 6 12 14 2 8 5 8 16 7 15 4 16 4 14 19 8 1 10 15 9 6 17 15 15 11 3 3 10 1 1 11 3 18 11 5 10 9 13 13 14 2 7 9 10 14 19 9 3 3 11 1 18 15 8 5 3 6 14 20 2 8 1 11 5 15 4 16 18 5 19 18 15 14 6 19 11 9 16 17 18 7 6 10 20 12 17 18 9 4 8 17 13 17 2 9 11 7 2 16 7 20 13 18 4 14 18 6 14 13 15 7 8 1 18 13 9 11 12 15 17 7 11 19 14 6 11 4 20 1 3 11 16 10 17 6 15 18 9 5 7 2 2 14 2 1 16 6 19 10 15 16 5 14 1 5 17 9 6 1 4 1 9 13 9 3 12 13 7 13 16 9 10 12 2 10 11 19 5 6 17 8 4 20 15 9 15 12 11 17 1 19 19 20 9 2 18 8 14 8 17 13 6 17 4 12 18 12 7 15 19 5 8 4 1 4 14 16 8
300 12 9
36 35 6 38 11 2 32 15 25 8 35 22 23 12 1 37 30 40 20 8 28 6 14 22 22 3 40 12 15 35 31 30 32 29 27 39 1 32 2 18 22 6 37 10 5 16 17 7 39 10 9 26 21 1 18 36 6 34 39 2 38 13 22 27 24 9 10 36 32 33 10 12 2 32 19 20 15 9 33 2 33 3 12 38 12 11 24 3 40 18 5 18 28 16 17 20 14 24 26 7 16 14 25 35 21 7 35 29 36 40 10 12 28 26 35 2 9 12 9 12 37 33 26 6 10 12 16 33 7 25 3 23 26 30 5 32 14 26 23 37 37 28 2 13 23 23 32 39 11 13 35 23 4 34 30 4 8 10 3 18 14 5 13 27 30 33 16 35 38 9 29 12 9 38 34 7 10 27 1 20 2 21 40 28 14 10 33 13 21 1 11 22 33 19 33 4 27 40 32 28 12 5 7 33 33 28 34 40 38 5 32 3 23 12 7 11 3 3 19 17 34 25 14 15 24 19 21 2 10 26 15 10 25 37 28 30 5 16 11 26 19 21 36 2 18 3 39 35 10 28 21 40 22 27 30 19 28 13 10 20 11 31 28 39 36 33 3 25 12 34 11 11 8 36 37 26 10 33 2 22 12 13 21 1 18 30 17 19 21 18 16 20 21 32 23 25 6 2 38 27
400 12 11
2 2 2 6 4 7 4 5 2 10 5 10 2 9 6 8 9 8 3 10 10 3 8 10 10 8 5 5 5 3 10 6 8 2 1 2 1 2 7 3 1 2 4 8 7 9 3 7 4 8 4 2 8 6 8 3 7 3 4 3 4 6 7 3 8 6 7 9 8 3 3 3 2 6 1 5 10 1 10 9 9 9 8 3 4 10 10 1 6 5 5 4 7 5 9 2 2 4 4 9 3 5 8 1 2 3 6 3 4 8 7 4 9 9 4 7 7 4 6 4 6 1 10 2 8 1 6 9 4 2 1 3 5 5 6 9 8 4 3 2 1 1 8 7 7 3 6 4 6 4 6 6 4 6 9 1 8 9 10 3 5 7 8 3 4 4 6 2 10 8 8 9 2 6 5 2 8 6 2 7 6 3 5 4 7 1 7 10 6 4 8 2 9 2 4 1 3 7 10 6 5 9 3 10 5 10 3 7 5 2 9 5 7 4 10 7 4 9 8 3 4 2 2 9 8 8 3 9 1 4 7 4 10 3 2 1 2 2 8 3 9 7 1 6 8 5 5 3 1 2 7 6 6 1 3 8 9 1 8 8 10 9 2 4 10 3 1 8 8 4 10 10 3 2 10 8 9 7 1 8 7 2 2 6 5 1 8 3 6 9 8 5 2 1 1 10 2 4 3 10 6 6 9 10 4 10 10 8 10 2 4 4 4 8 6 2 3 8 7 3 6 7 7 8 6 5 5 9 9 8 8 8 6 3 3 10 1 6 4 6 2 7 6 6 9 5 3 9 9 6 4 8 6 6 2 5 8 7 7 7 6 10 4 8 4 10 6 7 6 8 2 6 2 7 7 7 6 1 3 4 8 7 1 8 2 9 7 8 1 10 8 9 3 9 1 2 7 8 4 10
400 20 6
10 8 10 3 4 8 3 2 6 1 4 6 3 7 4 8 2 8 5 2 4 3 1 7 3 1 3 10 9 8 3 3 6 2 1 5 10 1 5 4 10 2 6 4 3 2 10 4 9 3 6 10 8 4 4 3 4 1 5 7 9 4 9 4 3 4 5 10 9 4 7 2 4 6 4 5 9 5 4 2 7 6 6 8 10 9 6 10 2 8 6 8 2 6 2 3 10 4 8 5 9 6 8 7 3 2 5 8 2 3 2 3 1 7 3 2 5 3 1 10 6 4 2 6 7 3 1 4 6 6 10 8 5 10 4 6 3 10 3 3 2 9 1 8 10 8 3 6 2 7 3 5 1 4 4 4 3 10 2 8 6 6 3 4 4 2 4 6 9 7 9 8 10 3 5 9 5 3 8 5 6 8 4 2 10 4 8 9 1 1 5 5 2 8 10 7 9 9 4 3 7 4 3 5 1 10 8 4 1 6 6 7 1 7 8 3 2 7 10 4 6 7 6 3 3 8 4 3 7 4 4 3 8 5 5 1 4 4 6 1 1 1 6 6 8 4 9 2 7 4 10 4 5 9 3 10 7 6 5 9 7 7 5 3 3 9 9 9 4 3 9 6 6 7 6 1 2 5 3 4 4 9 6 6 8 1 5 5 8 2 6 5 6 9 8 9 1 3 3 9 10 1 4 4 7 5 6 9 4 1 10 5 2 5 8 6 6 2 1 1 9 1 1 4 10 7 9 3 9 1 6 1 3 9 3 6 4 8 2 6 5 1 10 6 5 10 5 8 3 3 1 5 9 10 6 6 10 5 3 6 9 7 2 7 10 3 7 8 6 10 2 10 4 8 4 9 3 3 5 1 5 4 2 10 2 9 7 7 8 6 8 2 2 3 10 8 9 5 1 8
500 40 16
9 13 18 1 8 6 6 14 7 5 17 9 3 3 16 5 4 1 6 16 10 8 2 4 4 5 7 18 17 6 19 5 1 14 4 13 8 19 20 12 6 1 8 12 6 17 19 3 8 3 12 11 13 4 5 18 5 12 17 17 20 11 1 19 8 4 10 8 10 7 10 15 10 19 16 5 8 11 9 15 20 11 5 2 6 5 1 16 14 5 2 10 2 8 13 8 6 16 16 4 7 16 18 11 11 1 15 8 16 18 18 2 19 20 2 16 11 9 10 3 10 17 4 16 6 18 17 11 8 12 3 19 17 12 11 19 2 19 15 16 18 13 14 16 18 18 15 15 4 15 12 15 14 1 1 1 9 16 12 17 5 14 5 15 4 6 8 4 3 7 10 19 16 8 10 1 4 18 5 5 18 3 20 4 1 1 8 7 19 6 5 11 14 18 20 18 19 11 15 14 1 19 7 7 19 15 12 8 10 7 6 11 17 10 4 17 9 3 4 20 19 8 18 7 15 2 10 13 15 6 15 9 1 14 2 17 18 11 13 11 11 17 12 9 20 3 1 20 2 1 11 1 17 15 18 9 15 20 17 15 4 7 12 5 2 17 2 9 6 11 2 12 20 5 2 10 12 10 16 19 9 18 20 9 14 10 5 19 7 4 16 10 5 15 14 2 9 3 9 3 18 11 17 8 17 18 7 16 8 8 19 19 18 19 15 15 10 14 15 15 18 12 14 16 18 8 9 19 2 8 14 18 16 12 8 19 1 16 5 9 9 12 8 7 4 3 20 14 20 14 12 3 5 2 9 6 12 20 9 13 8 8 1 16 20 1 18 12 4 16 11 10 2 18 5 9 20 2 11 12 1 14 8 1 16 9 20 20 3 15 6 16 19 16 15 15 15 18 10 1 4 20 13 11 16 3 20 7 17 12 8 7 16 2 8 1 5 6 7 2 18 12 20 8 12 15 10 16 17 8 18 12 18 3 11 11 7 6 20 3 12 2 20 11 14 15 14 1 19 16 14 12 14 11 20 16 15 10 7 3 17 1 1 6 13 2 13 8 18 7 9 7 17 7 17 2 7 4 7 7 20 3 17 13 3 16 20 6 11 3 14 15 4 20 15 3 7 15 15 20
500 60 20
3 5 17 5 9 15 22 29 26 5 26 29 3 7 6 20 9 2 20 2 29 22 4 4 3 4 20 28 22 9 29 2 16 4 20 21 15 21 22 25 25 27 1 25 25 3 15 13 7 22 26 1 18 29 25 12 13 7 18 17 3 6 9 20 10 19 10 7 2 16 19 1 24 27 12 12 3 2 18 10 9 2 24 21 19 14 25 12 18 4 3 14 14 7 15 12 8 27 25 9 4 17 23 1 20 29 15 1 22 21 18 1 22 5 22 6 8 3 28 16 21 8 15 18 4 1 4 27 6 24 7 19 15 10 2 5 16 20 4 30 15 22 13 1 19 2 10 5 8 16 16 9 4 15 4 27 7 13 18 27 16 19 30 2 13 3 8 20 9 7 8 13 8 7 2 17 29 17 9 3 10 21 19 23 16 7 6 19 5 29 27 18 15 12 2 5 22 27 14 8 4 20 23 13 30 14 6 1 19 20 26 1 23 8 7 30 3 18 22 18 2 13 25 23 15 20 2 12 23 5 7 1 29 28 16 8 3 17 3 29 26 4 13 4 15 6 15 25 6 11 30 25 8 21 8 30 7 10 8 19 9 12 11 14 18 13 25 2 19 2 11 25 17 21 11 3 6 2 9 14 8 26 13 7 14 3 28 2 20 13 22 19 24 14 9 15 18 20 29 21 5 11 13 28 7 15 20 23 30 23 5 1 14 11 16 14 1 7 9 15 7 9 26 4 5 18 29 13 9 6 2 2 2 10 14 12 10 30 4 7 23 17 19 9 15 5 1 14 21 30 8 17 13 20 18 28 20 10 21 18 14 29 24 12 27 3 20 3 9 17 19 22 22 11 19 15 25 20 10 7 23 11 5 25 29 27 16 27 25 27 9 10 6 30 8 7 25 9 8 20 27 10 3 8 9 17 25 24 11 21 18 22 1 13 23 23 2 11 28 26 10 30 1 22 25 5 6 25 22 15 10 26 17 28 11 25 27 17 9 12 10 3 17 18 11 26 18 20 8 27 25 8 13 9 18 2 27 1 9 24 4 8 24 13 26 12 5 23 29 9 3 15 13 2 24 27 23 15 25 4 8 9 25 17 5 23 2 13 17 25 17 21 25 2 2 5 7 17 6 11
500 30 34
44 42 92 59 45 25 49 51 97 70 21 11 12 14 1 23 76 52 62 25 27 86 27 36 36 97 22 32 87 85 49 22 35 8 54 70 59 81 11 96 24 53 76 100 18 17 57 82 77 81 57 72 46 64 91 53 1 92 58 2 73 92 36 46 59 61 50 68 72 49 60 27 34 14 7 1 3 50 98 65 11 9 17 17 51 27 59 25 78 96 2 31 32 74 45 27 17 62 89 39 39 9 20 6 71 16 82 30 86 25 13 89 26 24 28 60 74 43 17 79 71 54 83 61 64 9 82 1 100 98 34 59 97 17 75 63 69 83 89 18 89 31 28 38 24 79 60 85 21 90 19 49 7 36 43 50 48 63 57 35 54 53 60 58 86 78 14 99 85 67 29 23 76 35 32 36 63 89 31 63 34 94 84 37 42 44 44 48 1 39 73 71 84 4 61 14 53 3 87 17 34 49 52 15 52 49 13 7 59 58 7 52 97 22 96 80 17 38 92 85 46 90 70 19 84 21 12 65 23 17 11 23 21 4 24 55 61 30 95 79 89 95 6 62 7 91 38 54 68 72 45 50 16 79 52 24 10 43 100 29 23 22 2 27 77 100 27 23 22 13 63 15 81 59 23 58 60 56 60 3 86 100 9 14 19 78 54 69 69 59 35 79 26 100 45 43 88 6 27 18 28 79 3 52 26 46 74 56 99 57 77 7 52 33 6 7 98 8 46 76 30 31 4 10 39 79 50 85 30 45 67 62 46 82 33 94 68 8 55 59 36 6 1 85 73 44 7 71 41 31 63 31 49 74 43 36 83 25 99 5 72 5 10 57 49 28 3 13 13 62 10 93 29 32 80 90 46 68 63 39 77 90 70 27 9 69 72 23 50 24 71 61 74 2 34 64 20 65 31 20 50 51 99 64 71 38 59 78 90 69 80 99 74 2 65 92 82 23 27 56 39 36 9 75 83 81 66 63 48 15 96 29 2 48 34 5 1 41 12 45 18 4 73 87 7 69 13 26 65 72 25 11 54 63 23 13 40 13 14 49 93 84 14 58 7 51 71 64 93 100 84 87 98 28 10 31 93 98 46 97 78 80 32 44 81 91 24 69 76 99 70 44 94 55 28 24 65 22 87 77
